Abstrak,Topik 1,Topik 2,Topik 3
,0.0008112672384711526,0.7139767500984795,0.28521198266304937
,0.35582373560937564,0.32956829872137733,0.3146079656692469
,0.0005427234997369309,0.9989145573088286,0.0005427191914343806
,0.4096515760025299,0.0008675882814650319,0.5894808357160051
,0.998736288097239,0.0006318217176360402,0.0006318901851250538
,0.5312755915992544,0.0005738567076012909,0.46815055169314435
,0.0005771715010788731,0.0005771512015592419,0.9988456772973618
,0.9268004823495463,0.07245469321784459,0.000744824432609228
,0.0005398153377204945,0.000539836969997381,0.9989203476922821
,0.0004920768127644586,0.9990158167151298,0.0004921064721057299
,0.7093623186192662,0.28994926051882564,0.0006884208619081785
,0.0005201211918792622,0.9989597385160782,0.0005201402920425436
,0.0005311872479497037,0.9989375994400286,0.000531213312021737
,0.0005201333358216367,0.9989597305719536,0.0005201360922246167
,0.38849487885909517,0.5484763093917815,0.06302881174912323
,0.99897566837925,0.0005121978415749064,0.0005121337791750275
,0.0006654690482925922,0.998668980465867,0.0006655504858404123
,0.0004801829103748293,0.00048017385283055723,0.9990396432367946
,0.23271263824411048,0.7664954318644824,0.0007919298914070072
,0.0005641846087502309,0.9590726017747577,0.040363213616492206
,0.0005738672492166796,0.0005738513024903556,0.998852281448293
,0.0005456607955077415,0.2611961150859608,0.7382582241185315
,0.0005340163170204421,0.9989319505367433,0.0005340331462362235
,0.0007919599261051682,0.9984160569637421,0.0007919831101526481
,0.21646396581134006,0.7830391146890856,0.0004969194995743585
,0.799593253274104,0.19985195659630414,0.0005547901295918769
,0.1701687805623112,0.013530332780384225,0.8163008866573046
,0.0005738816520794949,0.9988522382875992,0.0005738800603213669
,0.5204773130818635,0.000688403457760669,0.47883428346037576
,0.4088688676780397,0.09606004923935599,0.49507108308260445
,0.1371477862092897,0.5636382439088578,0.29921396988185256
,0.0005174291672682032,0.9989651396483668,0.0005174311843649365
,0.9250729890326821,0.07422410765384321,0.0007029033134747193
,0.0005978957695452488,0.9988042500199464,0.000597854210508266
,0.0005256514802742819,0.34725687501985025,0.6522174734998755
,0.632337340713961,0.0006051102730227797,0.3670575490130163
,0.7145716572658389,0.2846944863812169,0.0007338563529442393
,0.0006014825945264102,0.9987969885144345,0.0006015288910390255
,0.35266948357251116,0.6467533014129434,0.0005772150145455165
,0.5341272211585448,0.0004969081360673495,0.4653758707053878
,0.11300466091359736,0.0005283773132928754,0.8864669617731097
,0.0004944143002025593,0.9990111505757897,0.0004944351240077297
,0.0004028208838805883,0.9991943578297198,0.00040282128639956166
,0.0005839393667015542,0.9988321409908169,0.0005839196424814895
,0.8780927981431336,0.12133335124611253,0.0005738506107537941
,0.09314520011499462,0.4272551906799413,0.47959960920506406
,0.0005738544375770161,0.02692406556421407,0.9725020799982089
,0.998980873695489,0.0005095326731377578,0.0005095936313731905
,0.0006654992521914579,0.3987613239101807,0.6005731768376278
,0.0004969493116082205,0.4131745541484132,0.5863284965399785
,0.0006610798630292508,0.9986777761055414,0.000661144031429419
,0.9990256163160389,0.0004871916926818545,0.00048719199127916297
,0.0005673151643258308,0.9988653605276019,0.0005673243080723502
,0.11588388254651387,0.0006399239758474912,0.8834761934776386
,0.6196031354773642,0.3798599650215092,0.0005368995011267208
,0.0004895854064038055,0.9990208358964582,0.0004895786971380111
,0.03901658747836344,0.41734620710170023,0.5436372054199362
,0.0006979651692713125,0.0006979946771167292,0.9986040401536119
,0.9989431551789287,0.0005284699586673794,0.0005283748624039186
,0.0006240393470003057,0.9987519865564582,0.000623974096541481
,0.9875519866036843,0.0005174764510232045,0.011930536945292418
,0.5847806012387041,0.0005978808606711102,0.4146215179006247
,0.9989703759253793,0.0005148305100772327,0.0005147935645433805
,0.0006441109215784517,0.8157418873978545,0.18361400168056705
,0.00046026913065170654,0.6300500903203373,0.369489640549011
,0.0005457136739882827,0.9989086048765761,0.0005456814494356017
,0.0008047588826412086,0.7796321285413628,0.21956311257599612
,0.0005873401653188636,0.9988253323295085,0.0005873275051725148
,0.44875166525930515,0.0008906626751438478,0.550357672065551
,0.0006980127694389218,0.0006979779088806977,0.9986040093216805
,0.5661685349704804,0.43326410125588855,0.0005673637736310917
,0.0005609734530038664,0.0005609789048166393,0.9988780476421796
,0.4450370390671192,0.11248136951897576,0.442481591413905
,0.004927654942346406,0.8250492282298635,0.17002311682779
,0.6572109629746455,0.342266133754671,0.0005229032706834494
,0.9425866852069725,0.05687638907718404,0.000536925715843464
,0.5100795871804559,0.4894175713792608,0.0005028414402833092
,0.36151477884842215,0.6202990164665605,0.018186204685017363
,0.26909322425696464,0.6093794940569417,0.12152728168609371
,0.0005284216896438352,0.3381219544460822,0.6613496238642741
,0.0005642815953560252,0.0005641515739958038,0.9988715668306481
,0.6049894290776819,0.39451116766687394,0.000499403255444167
,0.0006051207703326214,0.14187691863757862,0.8575179605920887
,0.9990621108860414,0.00046894126481733853,0.0004689478491413236
,0.00047563190046452723,0.9990487189381614,0.00047564916137403656
,0.9485600425422579,0.05060147445197357,0.0008384830057684755
,0.0005228602495366333,0.9989543027339879,0.0005228370164754235
,0.0005368777646271601,0.0005369163461301743,0.9989262058892426
,0.0005121522129044694,0.9989757022389119,0.0005121455481837024
,0.0005547835487987974,0.8893028618440374,0.11014235460716387
,0.0005043919914049481,0.9989912183020254,0.0005043897065696274
,0.25551583612009626,0.000482503892868229,0.7440016599870355
,0.0008046118372478786,0.7605365264028103,0.23865886175994186
,0.0005174327427898983,0.0005175012334736788,0.9989650660237365
,0.0004419786869474563,0.0004420277567067927,0.9991159935563457
,0.5414135856009903,0.45794643584823874,0.0006399785507710488
,0.0005805103726930386,0.5496598573659537,0.4497596322613533
,0.0006440753119858253,0.0006440664570042249,0.9987118582310098
,0.9988389545240669,0.0005805030342982821,0.0005805424416347992
,0.9990665007018344,0.00046673002821806314,0.0004667692699475145
,0.0005368729361220171,0.9989262533844241,0.0005368736794538456
,0.9983089302116472,0.0008455079499088226,0.0008455618384439156
,0.0005427418618607725,0.9989145361784909,0.000542721959648359
,0.9989962706001458,0.0005018660546341906,0.0005018633452200666
,0.0005738250333520613,0.9988523495922232,0.0005738253744247622
,0.0005486489709062265,0.9989027052194656,0.0005486458096281258
,0.47598355828534783,0.5234989875657586,0.0005174541488935405
,0.09982895989122734,0.4895886394619091,0.41058240064686347
,0.0005640984097075956,0.9988717930623507,0.0005641085279417112
,0.07692336737830834,0.07692326286885061,0.8461533697528411
,0.0006400002383560144,0.5314339971645777,0.4679260025970661
,0.1515714235350136,0.8478045977171152,0.0006239787478710837
,0.0005673137190858392,0.9988653667983162,0.0005673194825979963
,0.0008986089398243775,0.9982027680879302,0.0008986229722453185
,0.0004215235600771822,0.8168716825622286,0.18270679387769417
,0.0005839140235342262,0.9988321899610918,0.0005838960153739305
,0.0006050689447473057,0.9987898534250922,0.0006050776301604427
,0.0005578613057230995,0.6570005971204035,0.3424415415738733
,0.0008675014992421191,0.9982649480624737,0.0008675504382841727
,0.33310143401609926,0.6662374784694008,0.0006610875144997551
,0.35974007532791347,0.6396116570562043,0.000648267615882303
,0.0005547137374283408,0.9988905400838147,0.0005547461787569494
,0.0005256293975513936,0.3642169493610923,0.6352574212413563
,0.0005839255058969969,0.9988321616327505,0.0005839128613525785
,0.9549178103190897,0.044393835098654064,0.000688354582256213
,0.0005456701746070507,0.9989086754536498,0.0005456543717430432
,0.08208146508373129,0.9173277025517598,0.0005908323645091246
,0.0005069309133335976,0.9989861252952877,0.000506943791378627
,0.0005487140964223451,0.0005486798789325944,0.998902606024645
,0.576784419396861,0.42266984965124355,0.0005457309518954175
,0.0007232770283413298,0.0007232614323426115,0.998553461539316
,0.24256063479144888,0.3982667992123732,0.359172565996178
,0.13983984419144666,0.0005943284515547945,0.8595658273569986
,0.0005368813011225932,0.9989262123090887,0.0005369063897886961
,0.2079749442967458,0.5472996698686193,0.24472538583463477
,0.0006125447923833707,0.9987749406995405,0.0006125145080759796
,0.22226262145311285,0.7771975604931087,0.0005398180537784869
,0.24250369396871294,0.0005340281978213421,0.7569622778334656
,0.0005873217056727713,0.9988253792947045,0.000587298999622816
,0.47799292265525756,0.5214429033653085,0.0005641739794339667
,0.031139670044496855,0.9682162546054127,0.000644075350090292
,0.0005641907900427893,0.9532771038448556,0.046158705365101714
,0.39050284603264673,0.6088808163004631,0.0006163376668901467
,0.39217794787503785,0.6071609685018494,0.0006610836231127958
,0.6092635127620831,0.3901995562254792,0.0005369310124377604
,0.1688081657214342,0.0006279285352122673,0.8305639057433536
,0.4723077701298229,0.0008750850580092588,0.5268171448121678
,0.6160894607811616,0.38330541029136184,0.0006051289274766516
,0.23335471850596504,0.44627601056799676,0.3203692709260383
,0.5880701439517957,0.0049269362971861965,0.4070029197510181
,0.0005311913219260327,0.0005311615342122901,0.9989376471438617
,0.0005148087518587778,0.36722095073058847,0.6322642405175526
,0.5497826305448534,0.44965317754382145,0.0005641919113251099
,0.0005547558345970762,0.22791108030975202,0.7715341638556509
,0.0006318648125872703,0.7041736311485112,0.29519450403890146
,0.6438154169124616,0.35566710555875075,0.0005174775287876879
,0.17917994411898375,0.8202559056450498,0.0005641502359664174
,0.0005340373816196273,0.5929974736024116,0.40646848901596877
,0.14025608740259962,0.6247361766981168,0.2350077358992835
,0.17698955412325823,0.8224848256218102,0.0005256202549315631
,0.6622439135968308,0.3372304875084592,0.0005255988947102154
,0.5927813722731794,0.4066098233466926,0.0006088043801279687
,0.9987596970622813,0.0006201123988613657,0.000620190538857277
,0.564328980729363,0.4350142711317761,0.000656748138860906
,0.0005486666145650637,0.9989026645314387,0.0005486688539962217
,0.21453137639495398,0.000539780585785501,0.7849288430192606
,0.18503829123703228,0.0007392879407601837,0.8142224208222075
,0.76450222905222,0.0006240469714421386,0.2348737239763379
,0.9767545188837051,0.0005610247740692274,0.02268445634222565
,0.5672175762020936,0.0006125060753049995,0.4321699177226015
,0.23371983634443352,0.7657517671746662,0.0005283964809003141
,0.5417635984772817,0.4577761081972426,0.00046029332547564
,0.7449613302272984,0.25437319331689406,0.0006654764558074347
,0.4102182355477036,0.5892823886671611,0.0004993757851352501
,0.0005486964056892811,0.8038516940680116,0.19559960952629918
,0.0006239792184338673,0.6677325373150164,0.3316434834665497
,0.3663312184240231,0.6331539809317146,0.0005148006442623198
,0.0004214970762261586,0.9991570119547513,0.0004214909690226143
,0.2725590675104503,0.7268246533874269,0.0006162791021229587
,0.20968062371329102,0.7898072047219662,0.0005121715647429221
,0.0006358852105669956,0.1771705845799597,0.8221935302094733
,0.06892055461114317,0.21573882444845155,0.7153406209404052
,0.0005547086823741164,0.9988905521986847,0.0005547391189412455
,0.9989860700048424,0.0005069749113344927,0.0005069550838230529
,0.0005609572024608604,0.9988780808088272,0.0005609619887119419
,0.33334962021863057,0.49032395774233656,0.17632642203903282
,0.1002155557920735,0.8991525790929163,0.0006318651150102858
,0.9810982190614176,0.01836198890836101,0.0005397920302212775
,0.22893280941729924,0.7705303333947449,0.0005368571879558814
,0.5814691825920096,0.41788675382003,0.0006440635879604883
,0.0006087546740456543,0.9987824855956032,0.0006087597303511258
,0.0005705912821186422,0.9988588449606904,0.0005705637571909616
,0.000587290329584529,0.9988254171878557,0.0005872924825597416
,0.0006931254038648049,0.998613733569357,0.0006931410267781757
,0.05837881889476281,0.23537436487943855,0.7062468162257987
,0.5527955613506043,0.3980342194321686,0.049170219217227015
,0.22174700009399062,0.015478748899915334,0.7627742510060941
,0.3908835659684878,0.5796736673236274,0.029442766707884815
,0.0005548038391215226,0.0005547300202351379,0.9988904661406433
,0.6871576481383178,0.0005517067899660861,0.3122906450717161
,0.0006567792610377933,0.0006567677317527635,0.9986864530072094
,0.9986136790567262,0.0006931872363651747,0.0006931337069085265
,0.0005121813395797844,0.0005121425060695106,0.9989756761543508
,0.3457764931094371,0.0005201447849804373,0.6537033621055824
,0.3084754358332645,0.001172523756472372,0.690352040410263
,0.24298814603301666,0.523384570690306,0.23362728327667742
,0.27845838219253644,0.09336741809482939,0.6281741997126341
,0.0005873162980107269,0.9988253631151129,0.0005873205868763537
,0.0005121626553604916,0.6124487992181006,0.38703903812653884
,0.0005095219222771866,0.998980934351656,0.0005095437260668797
,0.000520117669095116,0.9989597370577745,0.0005201452731303885
,0.000517414069713111,0.9989651739404989,0.0005174119897879768
,0.0005771106531552423,0.9761850436720301,0.023237845674814767
,0.000718047654596476,0.9985638442689055,0.0007181080764980827
,0.00048723660424548773,0.47557363289832205,0.5239391304974325
,0.0004993279903209658,0.9990013507988671,0.0004993212108118908
,0.06989243398915983,0.0005201437783628675,0.9295874222324773
,0.0006884521720231867,0.9986231369712898,0.0006884108566870696
,0.0005148010074206129,0.0005147809591904527,0.9989704180333889
,0.43934073918368505,0.0005044165262416709,0.5601548442900733
,0.0007560322019169768,0.0007560540698539543,0.9984879137282292
,0.9989319290854503,0.0005340540136611508,0.0005340169008885456
,0.998695010555633,0.000652454628968454,0.000652534815398479
,0.6956111102830003,0.3038740821059547,0.0005148076110450979
,0.9987282229583356,0.0006358974341878149,0.0006358796074764372
,0.2798136737633629,0.7195251816195669,0.000661144617070152
,0.4875839281419761,0.5118703769959045,0.0005456948621193041
,0.6589401969548546,0.0005705735960625362,0.3404892294490829
,0.22921387495287238,0.0007503646972318143,0.7700357603498958
,0.9988904161917875,0.0005547856500075112,0.0005547981582049264
,0.000545692524417487,0.5863879165629146,0.413066390912668
,0.2761430777069613,0.0006440546326351387,0.7232128676604035
,0.0005673490149666907,0.0005673186178905886,0.9988653323671427
,0.0005121669745882073,0.0005121320881676767,0.9989757009372441
,0.10531500345869624,0.0012773892913970932,0.8934076072499066
,0.37809063438661694,0.5853139489551487,0.03659541665823439
,0.0005228642690654068,0.0005228301886202959,0.9989543055423143
,0.0005705807827765741,0.0005705555530737931,0.9988588636641497
,0.10671029001992981,0.0006200988003220158,0.8926696111797481
,0.000573859292251636,0.0005738504548297617,0.9988522902529186
,0.3150783082064518,0.0008112149608288471,0.6841104768327194
,0.07679982073042328,0.0006482630129217713,0.922551916256655
,0.0005486443691115523,0.9989027224626945,0.0005486331681939682
,0.000501890324189735,0.9989962081292516,0.000501901546558596
,0.0004756349797227668,0.00047565516032130843,0.999048709859956
,0.0006319037571108461,0.9987362763956296,0.0006318198472596873
,0.0005095370241246428,0.0005095419070302058,0.9989809210688452
,0.0004919870736600169,0.000491990181055806,0.9990160227452841
,0.0005019100347149017,0.9989962022938387,0.0005018876714464267
,0.01777220427222668,0.9817521545906311,0.00047564113714220255
,0.9989487989812276,0.0005255993952048088,0.0005256016235675944
,0.3257422833030299,0.0005641879777080394,0.673693528719262
,0.7136262398711275,0.0004896187679305279,0.2858841413609421
,0.12513209502349887,0.8743853576514697,0.00048254732503139503
,0.8341809881389716,0.0007620343842619814,0.1650569774767665
,0.0005121366061678402,0.04741089199601737,0.9520769713978149
,0.0006278889301884772,0.0006278699625206135,0.9987442411072909
,0.9986600325747662,0.0006699556093394509,0.0006700118158942234
,0.000557883096298453,0.0005578306186287336,0.9988842862850728
,0.9602607139423276,0.0005547527180400579,0.039184533339632246
,0.5979589275293589,0.4015262873569918,0.0005147851136493834
,0.5361911340931713,0.23754299391228537,0.22626587199454332
,0.9985638581544236,0.0007180950732180171,0.0007180467723585009
,0.0005148152033442267,0.0005147751445796316,0.9989704096520762
,0.9988522877098718,0.000573844366938976,0.000573867923189127
,0.2884249553573407,0.0005579501163710308,0.7110170945262884
,0.6276114958641188,0.3713708723434889,0.0010176317923922694
,0.36772046420907556,0.0005578594102546364,0.6317216763806697
,0.9980055551505184,0.000997214258270272,0.000997230591211313
,0.0005771229116570038,0.9988457016059303,0.000577175482412652
,0.0006610416019769962,0.9986778747296428,0.0006610836683802412
,0.000697955443982453,0.998604071742104,0.0006979728139136557
,0.9986325369032323,0.0006837892592614898,0.0006836738375063098
,0.5319641930836676,0.0007284558659113633,0.4673073510504211
,0.0004968927406054538,0.9990062427796129,0.0004968644797814858
,0.0008600503620943454,0.0008599958299693126,0.9982799538079363
,0.000542734102845837,0.0005426917480804658,0.9989145741490737
,0.0006440668826709767,0.9987118853223488,0.0006440477949801756
,0.3332792334973477,0.0005673436195920645,0.6661534228830601
,0.0006567364167359554,0.998686519338131,0.0006567442451330214
,0.18747503641354707,0.0006979717560455212,0.8118269918304075
,0.810354240128556,0.18893788953475163,0.0007078703366924317
,0.5139763767201119,0.48495160264744364,0.0010720206324445218
,0.4186199484207858,0.5808313600267597,0.0005486915524544396
,0.06074559078415692,0.9387174811951846,0.0005369280206584489
,0.2985751757652627,0.14520510545404047,0.5562197187806968
,0.2176459929040151,0.7817596741259285,0.00059433297005631
,0.14034675616438022,0.0006278910477309518,0.8590253527878889
,0.03436546255934919,0.9650828553231144,0.000551682117536337
,0.0005641937252607385,0.000564128057616056,0.9988716782171232
,0.0005284219587370691,0.000528393590396427,0.9989431844508665
,0.26786918036056934,0.47648395515430225,0.25564686448512847
,0.4217126791332093,0.5777803532637752,0.0005069676030154226
,0.417983204127591,0.0005487713107730388,0.5814680245616359
,0.0006358533432844367,0.0006359272620046558,0.9987282193947109
,0.0007734964301910366,0.8985213770306126,0.10070512653919644
,0.9984405901807935,0.0007797479858212663,0.0007796618333852658
,0.7307547862461822,0.0005229010937142323,0.26872231266010366
,0.0005804698915293008,0.9988390579586657,0.0005804721498049236
,0.7172134115196089,0.28223480917281857,0.0005517793075723599
,0.4614789576448883,0.5376896018200039,0.0008314405351077673
,0.6742374102146252,0.0006124926094170864,0.32515009717595766
,0.0005641304281349385,0.0005641529635754025,0.9988717166082898
,0.00048480870334025337,0.999030384936016,0.00048480636064364755
,0.000624030567966233,0.40275226564561345,0.5966237037864203
,0.06858019402764054,0.0007392413015598087,0.9306805646707996
,0.41798874447834194,0.0005609980001704298,0.5814502575214876
,0.000733809616361752,0.35695396678490376,0.6423122235987344
,0.0006524611579412376,0.43262311706594214,0.5667244217761166
,0.18349590439812205,0.0006163055448602763,0.8158877900570176
,0.0005368869402957099,0.0005368869305851516,0.9989262261291192
,0.0003948833999816679,0.0003949064240633443,0.9992102101759549
,0.0006399669218248429,0.0006399505623431369,0.998720082515832
,0.9982798765114702,0.0008599993858002737,0.0008601241027294803
,0.5766970722404647,0.23318376751517716,0.1901191602443581
,0.000612556893141937,0.2845483290288645,0.7148391140779935
,0.2136980648164296,0.0005044077772701084,0.7857975274063003
,0.3898755848132646,0.0004361967305836052,0.6096882184561518
,0.42098610289425015,0.0007028976250247431,0.5783109994807251
,0.9987362925752494,0.0006318103243160487,0.0006318971004346973
,0.9987281920098204,0.0006358632545074274,0.0006359447356721701
,0.0004711156111359342,0.9990577574678372,0.0004711269210268102
,0.9988905004882588,0.0005547574018697686,0.0005547421098715049
,0.9989651118889288,0.0005174545570116269,0.0005174335540595355
,0.000674486026076645,0.000674457259510092,0.9986510567144131
,0.5163185985212847,0.04927174231657435,0.43440965916214097
,0.0007447835001264043,0.05646736282421409,0.9427878536756595
,0.0006087917440205267,0.0006087614900724594,0.998782446765907
,0.0005978711242618188,0.998804278622451,0.0005978502532869876
,0.35725257882782596,0.0004993846515464457,0.6422480365206276
,0.26213474201454673,0.1633505603486073,0.574514697636846
,0.3214356661991515,0.46824694401295075,0.21031738978789766
,0.9089312902478147,0.09004069627451651,0.0010280134776687489
,0.0005641089383568077,0.9988717913239938,0.0005640997376493064
,0.5174483256108292,0.4818536439399266,0.0006980304492444613
,0.0004287215781449458,0.9991424740838334,0.00042880433802168277
,0.0005368527041784648,0.99892626163234,0.0005368856634816419
,0.0005340435964752014,0.998931918229505,0.0005340381740198407
,0.0005147848579906508,0.0005147818940635782,0.9989704332479458
,0.3825310060122989,0.0005873250371103958,0.6168816689505906
,0.6785862756683442,0.3208680046949021,0.0005457196367536183
,0.9985103876354124,0.0007448148802845584,0.0007447974843030503
,0.0005283996332007073,0.0005283886675447386,0.9989432116992545
,0.2647625608822974,0.0006883713771888509,0.7345490677405139
,0.0005487237402370728,0.0005486698669937484,0.9989026063927692
,0.00055479314068905,0.5870492107769524,0.41239599608235855
,0.0005908276627733186,0.0005907948555744895,0.9988183774816521
,0.34391160002296456,0.5183067201193317,0.13778167985770373
,0.2498486295014909,0.7496229627853898,0.0005284077131194001
,0.0006610913007756039,0.000661083239824557,0.9986778254593998
,0.9985741875356925,0.0007128915592815343,0.0007129209050259535
,0.998920427022338,0.0005397654484040663,0.0005398075292579517
,0.6481429370477524,0.0006699146741024526,0.3511871482781451
,0.7809874892307503,0.21854137144736932,0.00047113932188031133
,0.7962787726283242,0.0007619739852306002,0.20295925338644522
,0.0005397972801661563,0.0005398271352832752,0.9989203755845506
,0.502838345069184,0.0005705702778385515,0.4965910846529774
,0.26619065912535606,0.7328770539698292,0.0009322869048146275
,0.05675521790210056,0.44057290380819475,0.5026718782897046
,0.0006610679577267766,0.0006610839091083435,0.9986778481331648
,0.1304649695577307,0.0005368973792322566,0.868998133063037
,0.622960402141993,0.0008986556881043181,0.3761409421699026
,0.6149499207114799,0.3845378786008584,0.0005122006876616466
,0.4871641670053917,0.0006014465118320234,0.5122343864827763
,0.38854372789228236,0.5735789634741311,0.03787730863358663
,0.09168641121114861,0.0006318393312522626,0.9076817494575992
,0.9990111197782172,0.0004944200435577659,0.0004944601782250549
,0.7213724733242276,0.2780401928604545,0.0005873338153179893
,0.20541954273854873,0.0006087829738437751,0.7939716742876075
,0.0008675158599721258,0.3820619980559842,0.6170704860840437
,0.9989704208283035,0.0005147705821902884,0.000514808589506351
,0.0005805063052370478,0.9988389723984586,0.0005805212963044389
,0.6241389788063503,0.0005486649953658271,0.37531235619828407
,0.12226345533997299,0.0008827616918832193,0.8768537829681438
,0.9431149909203431,0.056128929369953784,0.0007560797097031069
,0.15766167282247404,0.7504308637171502,0.09190746346037583
,0.0006482332792752141,0.17478630027164743,0.8245654664490774
,0.99874415725333,0.0006279264079934153,0.000627916338676589
,0.000517495720786038,0.000517459101284618,0.9989650451779294
,0.0005873782861604627,0.5606184331264927,0.43879418858734676
,0.9990111213169472,0.0004944239057079092,0.0004944547773448647
,0.39772172805865663,0.0007028840985461819,0.6015753878427972
,0.6624202938319698,0.000512242501974096,0.3370674636660563
,0.5877987594411239,0.4113833495560051,0.0008178910028709435
,0.9987598041983268,0.0006200828466199395,0.0006201129550532624
,0.0005738637450467901,0.0005738456516652426,0.998852290603288
,0.1773964553948696,0.5713643309132469,0.25123921369188357
,0.12457361884023388,0.0007447808926957894,0.8746816002670703
,0.9079688148063364,0.0005517172396844699,0.09147946795397915
,0.18166804542346227,0.0004802134331122272,0.8178517411434254
,0.0007618677779202735,0.9984763051278367,0.000761827094243077
,0.0007338496971614821,0.9985323166576926,0.0007338336451459126
,0.7765052790265199,0.0005486769381607889,0.22294604403531926
,0.41064307971328623,0.0006399474073346937,0.5887169728793791
,0.8803050115257496,0.0005121723357556256,0.11918281613849482
,0.0005369309600694148,0.0005368742962768198,0.9989261947436537
,0.5013782348427931,0.0008829136537188834,0.497738851503488
,0.0005256196212457062,0.0005255968448423352,0.9989487835339119
,0.000514805073511843,0.6204294229467973,0.37905577197969087
,0.0006931808070654848,0.0006931198693719303,0.9986136993235625
,0.5856792239043636,0.13669271863016755,0.27762805746546887
,0.0006125491184066401,0.998774896754014,0.0006125541275794062
,0.0009321712537238361,0.026752003617319896,0.9723158251289562
,0.9966265405937658,0.0016867207876947105,0.0016867386185394843
,0.2893189678531771,0.0005705772496209206,0.710110454897202
,0.5775522707763993,0.0006087708485598037,0.421838958375041
,0.521606175694348,0.4775759064704044,0.0008179178352476717
,0.0005609746913281295,0.6827112134272334,0.3167278118814385
,0.0005398438468273028,0.0005397790822577912,0.9989203770709149
,0.2867309103471838,0.18755036215296925,0.5257187274998468
,0.0006931661384555921,0.0006931585893043494,0.9986136752722401
,0.44126972604783743,0.0005122009254780285,0.5582180730266846
,0.0006200804989813295,0.9987598105715759,0.0006201089294427348
,0.663351681282593,0.0006164333249016038,0.33603188539250534
,0.0005674176685867121,0.14913672887687626,0.850295853454537
,0.000624001930303144,0.32092635571043626,0.6784496423592606
,0.0005517096273304694,0.000551679240702304,0.9988966111319671
,0.0005457056169961542,0.0005456769369756977,0.9989086174460282
,0.14070325159005517,0.5104343396882468,0.34886240872169794
,0.05289773536184099,0.1334867514384287,0.8136155131997302
,0.0005426702424762199,0.9989146506639519,0.0005426790935718736
,0.0006655359950170021,0.9986689599703242,0.0006655040346586876
,0.0006200672485389618,0.9987598659939283,0.0006200667575327777
,0.0008527972703880236,0.0008527296624863311,0.9982944730671257
,0.0006790057450491985,0.998641985067278,0.0006790091876727056
,0.0005839219271476719,0.0005839289418227492,0.9988321491310295
,0.4929525880012243,0.0005547723044349623,0.5064926396943407
,0.8511986739740209,0.0005456675666054921,0.14825565845937363
,0.0005673766336389017,0.6386246837420357,0.36080793962432545
,0.0007284472699443888,0.9985430935614245,0.0007284591686311108
,0.0005872762970088942,0.9988254384708453,0.0005872852321459453
,0.0004895436339842876,0.7715582955417531,0.22795216082426262
,0.4088544998251704,0.0005578235471408381,0.5905876766276887
,0.9990349967651707,0.00048248548422078863,0.0004825177506085022
,0.0005339986902937081,0.0005340328906496643,0.9989319684190567
,0.0005547661052444545,0.0005547437585533746,0.9988904901362022
,0.0007079105191947793,0.0007078518059083626,0.9985842376748968
,0.09793339607003108,0.20175387438981177,0.7003127295401571
,0.0005312797019792684,0.9989375127399235,0.0005312075580973432
,0.8073546983587191,0.1919473145389587,0.000697987102322133
,0.49946624189015254,0.0006051014396305373,0.4999286566702169
,0.47112296306167045,0.13539168173031296,0.39348535520801664
,0.21561403340479324,0.3664248825625248,0.41796108403268195
,0.2363673196583966,0.0006014769657091575,0.7630312033758943
,0.0004872577804464111,0.07983900502014678,0.9196737371994068
,0.9984034261052613,0.0007982833761862019,0.0007982905185525063
,0.0007857670801369625,0.6989116388376012,0.30030259408226173
,0.0006278220836175953,0.9987443427593032,0.000627835157079092
,0.0005256236160524263,0.0005256209873267012,0.9989487553966209
,0.2756630326351187,0.45752240118894644,0.2668145661759348
,0.0005705560336517081,0.0005705747452619309,0.9988588692210864
,0.999070805013055,0.0004645799116114185,0.00046461507533359145
,0.8185066885899044,0.0005121571509704167,0.1809811542591253
,0.0004801825893632734,0.0004802016222942026,0.9990396157883425
,0.0006482278405496595,0.0006482888692351159,0.9987034832902153
,0.0004848653977034988,0.7579414549013174,0.2415736797009792
,0.26910645177289444,0.4443264493346285,0.28656709889247717
,0.0008315358095386885,0.021806364344526354,0.9773620998459349
,0.0004801965195449118,0.0004801734954149468,0.9990396299850401
,0.21484789736134316,0.0008046712496728001,0.7843474313889841
,0.6828409407349424,0.0005456469161131941,0.3166134123489445
,0.4907372590282895,0.0007078737818643493,0.5085548671898462
,0.0006014312430226982,0.9987971293372775,0.0006014394196997541
,0.4654693986348521,0.5339819283260391,0.0005486730391089012
,0.0005122009603201386,0.9989756367055255,0.0005121623341544148
,0.000683673676551499,0.0006836771205330767,0.9986326492029155
,0.2942376187406327,0.0007919049887210684,0.7049704762706461
,0.0006567752420180327,0.9986864728243444,0.0006567519336376176
,0.0006318985695875339,0.0006318154298597522,0.9987362860005526
,0.00073383594699708,0.30338222477249704,0.6958839392805058
,0.820023122573137,0.000554760284375804,0.17942211714248726
,0.9985214489957792,0.0007392652706952026,0.0007392857335256697
,0.0006745199345679116,0.21154207240528455,0.7877834076601475
,0.0005978360366989845,0.9988043522715491,0.0005978116917520361
,0.2310279084134701,0.0006931260255563222,0.7682789655609736
,0.0006524401649859809,0.9986950880612138,0.0006524717738000457
,0.4499436547986451,0.0009682619496955764,0.5490880832516594
,0.06969442232816693,0.3957324794509789,0.5345730982208542
,0.000761809228875726,0.9984764005957375,0.0007617901753867792
,0.44599608447743855,0.5534060279658336,0.0005978875567278466
,0.8310121248488304,0.16841069498867509,0.0005771801624945149
,0.39715584074660687,0.0005311805696649006,0.6023129786837282
,0.029365070566818193,0.9699512340283903,0.0006836954047915498
,0.28865015896707785,0.0006744620642552065,0.710675378968667
,0.43138973632411476,0.43521646170700645,0.13339380196887887
,0.9983641958891291,0.0008178978893771342,0.0008179062214938702
,0.0006980663329939476,0.901419885379336,0.09788204828766996
,0.31810579525545596,0.5349395237125615,0.14695468103198248
,0.0005547896810417332,0.26660617486237204,0.7328390354565862
,0.4422925592657539,0.347149696613024,0.2105577441212221
,0.28086942903833806,0.44417697810490836,0.2749535928567536
,0.5329318853475284,0.2617477543521859,0.2053203603002856
,0.00044196577540096127,0.6933405551106183,0.3062174791139807
,0.00047561266994721883,0.9990487812956284,0.0004756060344244296
,0.6488513112142076,0.35058451141267205,0.0005641773731202777
,0.0006399503576996128,0.0006399733875161339,0.9987200762547843
,0.0005804990641450858,0.0005805018274464775,0.9988389991084083
,0.9988587398668205,0.000570631897154955,0.0005706282360243689
,0.0005909488381280854,0.9988180954563433,0.0005909557055285647
,0.21017691969906324,0.0007338201093960506,0.7890892601915408
,0.0009682442410400009,0.09550182298713382,0.9035299327718261
,0.3346534879724887,0.6647791395066054,0.0005673725209060824
,0.0006162600621893774,0.0006162982357651033,0.9987674417020456
,0.0005706226786555174,0.11536949688556843,0.884059880435776
,0.0005839529418436429,0.5159562728794965,0.4834597741786599
,0.0006699433874818897,0.9986600605810655,0.0006699960314526276
,0.998234397424577,0.0008827890758006615,0.0008828134996223804
,0.9990062385768496,0.0004968729491865692,0.0004968884739639463
,0.998752074422442,0.0006239528822268559,0.0006239726953310853
,0.11253716926006946,0.056581467293704835,0.8308813634462258
,0.19580465827122612,0.8035298249771566,0.0006655167516173161
,0.45666166952821957,0.5427024601586087,0.0006358703131718037
,0.17578608921825783,0.8231532005542559,0.0010607102274863124
,0.0006440807470157586,0.0006440543642768341,0.9987118648887074
,0.9982343252145436,0.0008828365514122041,0.0008828382340442559
,0.0005908555768376121,0.0005908325446414612,0.9988183118785209
,0.0006279295639627101,0.1322512131165452,0.8671208573194922
,0.0008600657223067057,0.0374669401737979,0.9616729941038954
,0.0007677256971648177,0.4364902402214388,0.5627420340813962
,0.42606175727789414,0.5732983005669466,0.0006399421551593046
,0.45145045431775094,0.000534038989841554,0.5480155066924076
,0.9983905702789765,0.0008047392744136823,0.0008046904466097812
,0.0005872993409044973,0.9988253843811539,0.0005873162779416541
,0.1175312346192974,0.881904571901161,0.0005641934795416238
,0.07368905283122805,0.9255928760512757,0.0007180711174962288
,0.9986136953807109,0.0006931185445055916,0.0006931860747835787
,0.9980445695308987,0.0009777143129187029,0.0009777161561826022
,0.0004896013665733407,0.2790275239523637,0.720482874681063
,0.0007285387281804914,0.276817362217435,0.7224540990543844
,0.06329126172542966,0.9358974728678185,0.0008112654067517037
,0.13803314573754802,0.8615287104863387,0.00043814377611327754
,0.0005771321403854491,0.9988457372610273,0.0005771305985872032
,0.7117387111111354,0.002114883881999467,0.2861464050068651
,0.8342124505568045,0.1264676779040525,0.039319871539143056
,0.7740742618362587,0.0008456283688732805,0.22508010979486784
,0.3333333333333333,0.3333333333333333,0.3333333333333333
,0.000756020750852146,0.0007560310341133764,0.9984879482150345
,0.4166346747096605,0.4051244210344495,0.1782409042558901
,0.0007284642573097021,0.9985430720580127,0.0007284636846776804
,0.000838377292578158,0.9983231816463105,0.000838441061111432
,0.12859045106234365,0.8708007250304568,0.0006088239071995377
,0.0007982737065803974,0.9984034828753213,0.0007982434180982768
,0.26746037435410047,0.0011076830650047485,0.7314319425808947
,0.30909804911154476,0.0010495743076704821,0.6898523765807848
,0.17800919389489633,0.45705021735794243,0.3649405887471613
,0.23371720334614232,0.0006931422455856652,0.765589654408272
,0.000612485446141294,0.9987750218130095,0.0006124927408492363
,0.0009236301620697177,0.6561324672329294,0.3429439026050009
,0.0008178182033996932,0.99836434639333,0.0008178354032702654
,0.0008828535191798652,0.6797312063257693,0.3193859401550508
,0.0005943301805830263,0.000594324061767432,0.9988113457576495
,0.2597561389314421,0.000652464648347938,0.73959139642021
,0.5465342927796206,0.12388429128264404,0.32958141593773527
,0.9981528680814409,0.0009235440872983441,0.0009235878312606873
,0.0005943261377275552,0.0005943049492035526,0.9988113689130689
,0.0006358656707182212,0.9987282587426076,0.0006358755866741595
,0.000601520059869562,0.0006014345992371132,0.9987970453408933
,0.0010606634954328298,0.0010609271508117994,0.9978784093537553
,0.5652635967977361,0.000635868041614933,0.43410053516064884
,0.8345548104366757,0.1647471606599285,0.000698028903395973
,0.6056029856691256,0.0007447893976392558,0.3936522249332351
,0.5002844262545325,0.06394145942057129,0.43577411432489616
,0.407439476186017,0.0010607116050342755,0.5914998122089489
,0.0006979520007965639,0.9986041009641159,0.0006979470350874131
,0.7063038398023588,0.0006744764978302557,0.293021683699811
,0.880195850005418,0.000644104564828386,0.11916004542975359
,0.3333333333333333,0.3333333333333333,0.3333333333333333
,0.3333333333333333,0.3333333333333333,0.3333333333333333
,0.998858812136176,0.0005706107641036914,0.0005705770997203654
,0.9983906695204371,0.0008046319835582163,0.0008046984960047594
,0.0006163187607560683,0.1570710340979507,0.8423126471412932
,0.0006700110945301128,0.3963843638097915,0.6029456250956784
,0.48303435038117987,0.5164139380964926,0.0005517115223274884
,0.6601338224397164,0.0748202276925013,0.26504594986778246
,0.999034931132241,0.000482530966881201,0.00048253790087788423
,0.0006050951524059477,0.9987898383235624,0.0006050665240317863
,0.0006087906650355494,0.0006087524527316251,0.9987824568822329
,0.3333333333333333,0.3333333333333333,0.3333333333333333
,0.5101308015512908,0.0005456728649363096,0.48932352558377284
,0.9011305206834888,0.0007983187675456604,0.09807116054896553
,0.0006240332528226073,0.0006239765592390369,0.9987519901879384
,0.0006700029999755829,0.998659995734627,0.0006700012653974634
,0.3333333333333333,0.3333333333333333,0.3333333333333333
,0.0005578499610001253,0.998884248166258,0.0005579018727419366
,0.7088805616475211,0.0005256244142581452,0.2905938139382206
,0.9217461352128616,0.07764874961630888,0.0006051151708294246
,0.0006125007398310622,0.9987750003394752,0.0006124989206935394
,0.0008599933078893066,0.9982800091399343,0.0008599975521763262
,0.4710242190211611,0.000761797991644916,0.528213982987194
,0.23778740365825607,0.0008245952186054379,0.7613880011231385
,0.000545732734869207,0.9989085616042509,0.0005457056608799814
,0.0007560802832891724,0.9984878702367727,0.0007560494799380875
,0.0005805692418947007,0.0005805352947282093,0.998838895463377
,0.0008527549699634766,0.9982944188546622,0.0008528261753743445
,0.0008384462286219922,0.4606690798827842,0.5384924738885938
,0.000761816167850683,0.0007618341026554488,0.9984763497294938
,0.6047452512392386,0.39438721262499343,0.0008675361357679854
,0.04774616623817834,0.0005547635385961271,0.9516990702232255
,0.9986949396846567,0.0006525067095297467,0.0006525536058134242
,0.20629838166047024,0.09702205440722707,0.6966795639323028
,0.3179474437506488,0.07952039052850006,0.6025321657208512
,0.9990349991701158,0.0004825165361145309,0.00048248429376962325
,0.594039240282516,0.21825199554568112,0.18770876417180285
,0.8137180800621975,0.1858870412639814,0.0003948786738211939
,0.8378920437145279,0.0006790677313912953,0.16142888855408075
,0.0004993912251846173,0.2921426255608681,0.7073579832139473
,0.0004342896212767669,0.9991313853716052,0.0004343250071180928
,0.786901863005262,0.21259877411611497,0.0004993628786230327
,0.6308825757118972,0.36844293586278914,0.0006744884253136275
,0.5985945066363765,0.22244895276060273,0.17895654060302088
,0.0006239992946440209,0.000623973013756608,0.9987520276915994
,0.0005873888628653027,0.0005873519702259359,0.9988252591669088
,0.9987898740656403,0.0006050493935278683,0.0006050765408319225
,0.9985104436420942,0.0007448057596522088,0.0007447505982536411
,0.14478547440856568,0.0005517072322721371,0.8546628183591621
,0.0006440561865644,0.0006440401157034806,0.9987119036977321
,0.293201775649462,0.0005369111070302849,0.7062613132435077
,0.1295740618895247,0.8699315232727219,0.0004944148377532978
,0.0005312320074401906,0.998937559095605,0.0005312088969547812
,0.0006015099307472577,0.5696007532019545,0.4297977368672983
,0.2875472988152997,0.5285488383648691,0.18390386281983112
,0.0005456327604108604,0.9989087261495612,0.0005456410900280948
,0.8058629620073791,0.1935391666164195,0.0005978713762013717
,0.0007180789694281005,0.0007180317727041965,0.9985638892578678
,0.9981529270522647,0.0009235151759198928,0.0009235577718153693
,0.2254601670957751,0.0005368856198588515,0.774002947284366
,0.7019608590420501,0.27614678993720815,0.021892351020741854
,0.0004994015152088522,0.8042665746587677,0.1952340238260233
,0.000590850221838581,0.9988183090892292,0.0005908406889322509
,0.0008246275890815278,0.9983507499745364,0.0008246224363820629
,0.18328344830807056,0.8161114077782999,0.0006051439136295172
,0.0005398182081738082,0.9989203414708343,0.0005398403209918084
,0.0005018971268385659,0.9989961938312512,0.000501909041910236
,0.0005579208638429786,0.9988841988448662,0.0005578802912907967
,0.998594067721622,0.000702960531828199,0.0007029717465498395
,0.0005641898105034612,0.9988716669855202,0.0005641432039763721
,0.0006979577095581549,0.9986040117390642,0.0006980305513775119
,0.00045612432251525005,0.000456128609789249,0.9990877470676954
,0.0005943608655878011,0.9988113417602419,0.0005942973741704258
,0.0006482863118664843,0.9987034507029723,0.0006482629851612072
,0.0006318859990337847,0.3158580851678445,0.6835100288331216
,0.000798355677410652,0.9984033209629699,0.0007983233596194277
